0         0                   0         0.013872            
1         0                   1         0.010114            
2         0                   2         0.0061868           
3         0                   3         0.00563806          
4         0                   4         0.00668067          
5         0                   5         0.00713434          
6         0                   6         0.00769424          
7         0                   7         0.00903571          
8         0                   8         0.0114218           
9         0                   9         0.0146271           
10        0                   10        0.0180847           
11        0                   11        0.0211635           
12        0                   12        0.0234134           
13        0                   13        0.0246402           
14        0                   14        0.0248416           
15        0                   15        0.024138            
16        0                   16        0.0227431           
17        0                   17        0.0209118           
18        0                   18        0.0188703           
19        0                   19        0.0167783           
20        0                   20        0.0147313           
21        0                   21        0.0127801           
22        0                   22        0.010967            
23        0                   23        0.00934078          
24        0                   24        0.00793835          
25        0                   25        0.00676821          
26        0                   26        0.00581939          
27        0                   27        0.00507466          
28        0                   28        0.00451756          
29        0                   29        0.00414115          
30        0                   30        0.00394598          
31        0                   31        0.00392487          
32        0                   32        0.00405484          
33        0                   33        0.00429798          
34        0                   34        0.00460865          
35        0                   35        0.00494563          
36        0                   36        0.00528402          
37        0                   37        0.00561392          
38        0                   38        0.00593221          
39        0                   39        0.0062347           
40        0                   40        0.00651098          
41        0                   41        0.00674556          
42        0                   42        0.00692557          
43        0                   43        0.00704909          
44        0                   44        0.00712466          
45        0                   45        0.00716523          
46        0                   46        0.00718073          
47        0                   47        0.00717378          
48        0                   48        0.00714122          
49        0                   49        0.007081            
50        0                   50        0.00699757          
51        0                   51        0.00690147          
52        0                   52        0.00680448          
53        0                   53        0.00671409          
54        0                   54        0.00663109          
55        0                   55        0.00655177          
56        0                   56        0.0064733           
57        0                   57        0.00639723          
58        0                   58        0.00632889          
59        0                   59        0.00627384          
60        0                   60        0.00623419          
61        0                   61        0.00620752          
62        0                   62        0.00618895          
63        0                   63        0.00617485          
64        0                   64        0.00616481          
65        0                   65        0.00616096          
66        0                   66        0.00616539          
67        0                   67        0.00617789          
68        0                   68        0.00619563          
69        0                   69        0.00621479          
70        0                   70        0.00623285          
71        0                   71        0.00624964          
72        0                   72        0.00626654          
73        0                   73        0.00628477          
74        0                   74        0.00630402          
75        0                   75        0.00632251          
76        0                   76        0.00633818          
77        0                   77        0.00635004          
78        0                   78        0.00635866          
79        0                   79        0.00636542          
80        0                   80        0.00637141          
81        0                   81        0.00637667          
82        0                   82        0.00638034          
83        0                   83        0.00638156          
84        0                   84        0.00638023          
85        0                   85        0.00637714          
86        0                   86        0.00637344          
87        0                   87        0.00636993          
88        0                   88        0.00636666          
89        0                   89        0.00636313          
90        0                   90        0.00635892          
91        0                   91        0.00635407          
92        0                   92        0.00634918          
93        0                   93        0.00634492          
94        0                   94        0.00634166          
95        0                   95        0.00633927          
96        0                   96        0.00633731          
97        0                   97        0.00633544          
98        0                   98        0.00633367          
99        0                   99        0.00633228          
100       0                   100       0.00633161          
101       0                   101       0.00633172          
102       0                   102       0.00633241          
103       0                   103       0.00633329          
104       0                   104       0.00633414          
105       0                   105       0.00633491          
106       0                   106       0.0063358           
107       0                   107       0.00633694          
108       0                   108       0.00633835          
109       0                   109       0.00633984          
110       0                   110       0.00634118          
111       0                   111       0.00634225          
112       0                   112       0.00634307          
113       0                   113       0.00634379          
114       0                   114       0.00634451          
115       0                   115       0.00634524          
116       0                   116       0.00634587          
117       0                   117       0.0063463           
118       0                   118       0.00634648          
119       0                   119       0.00634648          
120       0                   120       0.00634641          
121       0                   121       0.00634636          
122       0                   122       0.00634632          
123       0                   123       0.00634624          
124       0                   124       0.00634606          
125       0                   125       0.00634578          
126       0                   126       0.00634546          
127       0                   127       0.00634516          
128       0                   128       0.00634494          
129       0                   129       0.00634478          
130       0                   130       0.00634464          
131       0                   131       0.00634448          
132       0                   132       0.00634431          
133       0                   133       0.00634415          
134       0                   134       0.00634405          
135       0                   135       0.00634401          
136       0                   136       0.00634403          
137       0                   137       0.00634407          
138       0                   138       0.0063441           
139       0                   139       0.00634412          
140       0                   140       0.00634415          
141       0                   141       0.00634421          
142       0                   142       0.0063443           
143       0                   143       0.00634441          
144       0                   144       0.00634451          
145       0                   145       0.00634459          
146       0                   146       0.00634465          
147       0                   147       0.00634471          
148       0                   148       0.00634477          
149       0                   149       0.00634485          
150       0                   150       0.00634491          
151       0                   151       0.00634497          
152       0                   152       0.006345            
153       0                   153       0.00634502          
154       0                   154       0.00634502          
155       0                   155       0.00634504          
156       0                   156       0.00634505          
157       0                   157       0.00634507          
158       0                   158       0.00634507          
159       0                   159       0.00634506          
160       0                   160       0.00634504          
161       0                   161       0.00634503          
162       0                   162       0.00634502          
163       0                   163       0.00634501          
164       0                   164       0.00634501          
165       0                   165       0.006345            
166       0                   166       0.00634499          
167       0                   167       0.00634498          
168       0                   168       0.00634497          
169       0                   169       0.00634497          
170       0                   170       0.00634497          
171       0                   171       0.00634497          
172       0                   172       0.00634497          
173       0                   173       0.00634497          
174       0                   174       0.00634497          
175       0                   175       0.00634497          
176       0                   176       0.00634498          
177       0                   177       0.00634499          
178       0                   178       0.006345            
179       0                   179       0.006345            
180       0                   180       0.00634501          
181       0                   181       0.00634501          
182       0                   182       0.00634502          
183       0                   183       0.00634502          
184       0                   184       0.00634503          
185       0                   185       0.00634504          
186       0                   186       0.00634504          
187       0                   187       0.00634504          
188       0                   188       0.00634504          
189       0                   189       0.00634505          
190       0                   190       0.00634505          
191       0                   191       0.00634505          
192       0                   192       0.00634505          
193       0                   193       0.00634505          
194       0                   194       0.00634505          
195       0                   195       0.00634505          
196       0                   196       0.00634505          
197       0                   197       0.00634505          
198       0                   198       0.00634505          
199       0                   199       0.00634505          
200       0                   200       0.00634505          
201       0                   201       0.00634505          
202       0                   202       0.00634505          
203       0                   203       0.00634505          
204       0                   204       0.00634505          
205       0                   205       0.00634505          
206       0                   206       0.00634505          
207       0                   207       0.00634505          
208       0                   208       0.00634505          
209       0                   209       0.00634505          
210       0                   210       0.00634505          
211       0                   211       0.00634506          
212       0                   212       0.00634506          
213       0                   213       0.00634506          
214       0                   214       0.00634506          
215       0                   215       0.00634506          
216       0                   216       0.00634506          
217       0                   217       0.00634506          
218       0                   218       0.00634506          
219       0                   219       0.00634506          
220       0                   220       0.00634506          
221       0                   221       0.00634506          
222       0                   222       0.00634506          
223       0                   223       0.00634506          
224       0                   224       0.00634506          
225       0                   225       0.00634506          
226       0                   226       0.00634506          
227       0                   227       0.00634506          
228       0                   228       0.00634506          
229       0                   229       0.00634506          
230       0                   230       0.00634506          
231       0                   231       0.00634506          
232       0                   232       0.00634506          
233       0                   233       0.00634506          
234       0                   234       0.00634506          
235       0                   235       0.00634506          
236       0                   236       0.00634506          
237       0                   237       0.00634506          
238       0                   238       0.00634506          
239       0                   239       0.00634506          
240       0                   240       0.00634506          
241       0                   241       0.00634506          
242       0                   242       0.00634506          
243       0                   243       0.00634506          
244       0                   244       0.00634506          
245       0                   245       0.00634506          
246       0                   246       0.00634506          
247       0                   247       0.00634506          
248       0                   248       0.00634506          
249       0                   249       0.00634506          
250       0                   250       0.00634506          
251       0                   251       0.00634506          
252       0                   252       0.00634506          
253       0                   253       0.00634506          
254       0                   254       0.00634506          
255       0                   255       0.00634506          
256       0                   256       0.00634506          
257       0                   257       0.00634506          
258       0                   258       0.00634506          
259       0                   259       0.00634506          
260       0                   260       0.00634506          
261       0                   261       0.00634507          
262       0                   262       0.00634507          
263       0                   263       0.00634507          
264       0                   264       0.00634507          
265       0                   265       0.00634507          
266       0                   266       0.00634507          
267       0                   267       0.00634507          
268       0                   268       0.00634507          
269       0                   269       0.00634507          
270       0                   270       0.00634507          
271       0                   271       0.00634507          
272       0                   272       0.00634507          
273       0                   273       0.00634507          
274       0                   274       0.00634507          
275       0                   275       0.00634507          
276       0                   276       0.00634507          
277       0                   277       0.00634507          
278       0                   278       0.00634507          
279       0                   279       0.00634507          
280       0                   280       0.00634507          
281       0                   281       0.00634507          
282       0                   282       0.00634507          
283       0                   283       0.00634507          
284       0                   284       0.00634507          
285       0                   285       0.00634507          
286       0                   286       0.00634507          
287       0                   287       0.00634507          
288       0                   288       0.00634507          
289       0                   289       0.00634507          
290       0                   290       0.00634507          
291       0                   291       0.00634507          
292       0                   292       0.00634507          
293       0                   293       0.00634507          
294       0                   294       0.00634507          
295       0                   295       0.00634507          
296       0                   296       0.00634507          
297       0                   297       0.00634507          
298       0                   298       0.00634507          
299       0                   299       0.00634507          
300       0                   300       0.00634507          
301       0                   301       0.00634507          
302       0                   302       0.00634507          
303       0                   303       0.00634507          
304       0                   304       0.00634507          
305       0                   305       0.00634507          
306       0                   306       0.00634507          
307       0                   307       0.00634507          
308       0                   308       0.00634507          
309       0                   309       0.00634507          
310       0                   310       0.00634507          
311       0                   311       0.00634507          
312       0                   312       0.00634507          
313       0                   313       0.00634507          
314       0                   314       0.00634507          
315       0                   315       0.00634507          
316       0                   316       0.00634507          
317       0                   317       0.00634507          
318       0                   318       0.00634507          
319       0                   319       0.00634507          
320       0                   320       0.00634507          
321       0                   321       0.00634507          
322       0                   322       0.00634507          
323       0                   323       0.00634507          
