0         0                   0         0.013835            
1         0                   1         0.0107585           
2         0                   2         0.00740065          
3         0                   3         0.00418173          
4         0                   4         0.00251106          
5         0                   5         0.00408713          
6         0                   6         0.00455726          
7         0                   7         0.00535777          
8         0                   8         0.0056118           
9         0                   9         0.00534141          
10        0                   10        0.00475869          
11        0                   11        0.00418725          
12        0                   12        0.00395513          
13        0                   13        0.00452137          
14        0                   14        0.0053295           
15        0                   15        0.00699731          
16        0                   16        0.00915854          
17        0                   17        0.0116095           
18        0                   18        0.0141393           
19        0                   19        0.0165653           
20        0                   20        0.0187528           
21        0                   21        0.0206185           
22        0                   22        0.0221245           
23        0                   23        0.023267            
24        0                   24        0.0240647           
25        0                   25        0.0245486           
26        0                   26        0.0247547           
27        0                   27        0.0247192           
28        0                   28        0.0244761           
29        0                   29        0.024056            
30        0                   30        0.0234859           
31        0                   31        0.0227894           
32        0                   32        0.0219873           
33        0                   33        0.0210977           
34        0                   34        0.020137            
35        0                   35        0.0191198           
36        0                   36        0.0180596           
37        0                   37        0.0169688           
38        0                   38        0.0158591           
39        0                   39        0.0147416           
40        0                   40        0.0136272           
41        0                   41        0.0125262           
42        0                   42        0.0114485           
43        0                   43        0.0104035           
44        0                   44        0.00940013          
45        0                   45        0.00844649          
46        0                   46        0.00754984          
47        0                   47        0.00671644          
48        0                   48        0.00595144          
49        0                   49        0.00525881          
50        0                   50        0.00464122          
51        0                   51        0.00410009          
52        0                   52        0.0036356           
53        0                   53        0.00324675          
54        0                   54        0.00293147          
55        0                   55        0.00268676          
56        0                   56        0.00250884          
57        0                   57        0.00239329          
58        0                   58        0.00233525          
59        0                   59        0.00232956          
60        0                   60        0.00237086          
61        0                   61        0.00245376          
62        0                   62        0.00257293          
63        0                   63        0.00272316          
64        0                   64        0.00289946          
65        0                   65        0.00309708          
66        0                   66        0.00331155          
67        0                   67        0.0035387           
68        0                   68        0.00377465          
69        0                   69        0.00401586          
70        0                   70        0.00425905          
71        0                   71        0.00450125          
72        0                   72        0.00473977          
73        0                   73        0.00497217          
74        0                   74        0.00519631          
75        0                   75        0.00541027          
76        0                   76        0.00561242          
77        0                   77        0.00580137          
78        0                   78        0.00597598          
79        0                   79        0.00613541          
80        0                   80        0.00627903          
81        0                   81        0.00640648          
82        0                   82        0.00651763          
83        0                   83        0.00661258          
84        0                   84        0.0066916           
85        0                   85        0.00675514          
86        0                   86        0.00680381          
87        0                   87        0.00683831          
88        0                   88        0.00685945          
89        0                   89        0.00686809          
90        0                   90        0.00686515          
91        0                   91        0.00685157          
92        0                   92        0.00682831          
93        0                   93        0.00679635          
94        0                   94        0.00675664          
95        0                   95        0.00671014          
96        0                   96        0.00665777          
97        0                   97        0.00660047          
98        0                   98        0.00653911          
99        0                   99        0.00647454          
100       0                   100       0.00640759          
101       0                   101       0.00633902          
102       0                   102       0.00626957          
103       0                   103       0.00619993          
104       0                   104       0.00613071          
105       0                   105       0.0060625           
106       0                   106       0.00599581          
107       0                   107       0.00593113          
108       0                   108       0.00586885          
109       0                   109       0.00580934          
110       0                   110       0.00575291          
111       0                   111       0.00569981          
112       0                   112       0.00565026          
113       0                   113       0.0056044           
114       0                   114       0.00556237          
115       0                   115       0.00552423          
116       0                   116       0.00549002          
117       0                   117       0.00545975          
118       0                   118       0.00543339          
119       0                   119       0.00541088          
120       0                   120       0.00539212          
121       0                   121       0.00537701          
122       0                   122       0.0053654           
123       0                   123       0.00535716          
124       0                   124       0.00535211          
125       0                   125       0.00535006          
126       0                   126       0.00535082          
127       0                   127       0.00535418          
128       0                   128       0.00535994          
129       0                   129       0.00536787          
130       0                   130       0.00537775          
131       0                   131       0.00538937          
132       0                   132       0.00540251          
133       0                   133       0.00541694          
134       0                   134       0.00543247          
135       0                   135       0.00544887          
136       0                   136       0.00546594          
137       0                   137       0.00548351          
138       0                   138       0.00550137          
139       0                   139       0.00551937          
140       0                   140       0.00553733          
141       0                   141       0.0055551           
142       0                   142       0.00557255          
143       0                   143       0.00558954          
144       0                   144       0.00560596          
145       0                   145       0.0056217           
146       0                   146       0.00563667          
147       0                   147       0.00565079          
148       0                   148       0.005664            
149       0                   149       0.00567625          
150       0                   150       0.00568748          
151       0                   151       0.00569767          
152       0                   152       0.0057068           
153       0                   153       0.00571486          
154       0                   154       0.00572184          
155       0                   155       0.00572777          
156       0                   156       0.00573265          
157       0                   157       0.00573651          
158       0                   158       0.0057394           
159       0                   159       0.00574133          
160       0                   160       0.00574237          
161       0                   161       0.00574256          
162       0                   162       0.00574196          
163       0                   163       0.00574063          
164       0                   164       0.00573862          
165       0                   165       0.005736            
166       0                   166       0.00573283          
167       0                   167       0.00572918          
168       0                   168       0.00572512          
169       0                   169       0.0057207           
170       0                   170       0.005716            
171       0                   171       0.00571107          
172       0                   172       0.00570597          
173       0                   173       0.00570076          
174       0                   174       0.0056955           
175       0                   175       0.00569024          
176       0                   176       0.00568503          
177       0                   177       0.0056799           
178       0                   178       0.0056749           
179       0                   179       0.00567008          
180       0                   180       0.00566545          
181       0                   181       0.00566105          
182       0                   182       0.00565691          
183       0                   183       0.00565305          
184       0                   184       0.00564947          
185       0                   185       0.00564621          
186       0                   186       0.00564326          
187       0                   187       0.00564064          
188       0                   188       0.00563834          
189       0                   189       0.00563637          
190       0                   190       0.00563472          
191       0                   191       0.00563338          
192       0                   192       0.00563236          
193       0                   193       0.00563164          
194       0                   194       0.0056312           
195       0                   195       0.00563103          
196       0                   196       0.00563112          
197       0                   197       0.00563144          
198       0                   198       0.00563199          
199       0                   199       0.00563274          
200       0                   200       0.00563367          
201       0                   201       0.00563476          
202       0                   202       0.00563599          
203       0                   203       0.00563735          
204       0                   204       0.00563881          
205       0                   205       0.00564035          
206       0                   206       0.00564195          
207       0                   207       0.0056436           
208       0                   208       0.00564527          
209       0                   209       0.00564696          
210       0                   210       0.00564864          
211       0                   211       0.0056503           
212       0                   212       0.00565193          
213       0                   213       0.00565352          
214       0                   214       0.00565504          
215       0                   215       0.00565651          
216       0                   216       0.00565789          
217       0                   217       0.0056592           
218       0                   218       0.00566042          
219       0                   219       0.00566154          
220       0                   220       0.00566257          
221       0                   221       0.0056635           
222       0                   222       0.00566432          
223       0                   223       0.00566505          
224       0                   224       0.00566567          
225       0                   225       0.0056662           
226       0                   226       0.00566663          
227       0                   227       0.00566696          
228       0                   228       0.00566721          
229       0                   229       0.00566736          
230       0                   230       0.00566744          
231       0                   231       0.00566744          
232       0                   232       0.00566737          
233       0                   233       0.00566723          
234       0                   234       0.00566703          
235       0                   235       0.00566678          
236       0                   236       0.00566649          
237       0                   237       0.00566615          
238       0                   238       0.00566577          
239       0                   239       0.00566537          
240       0                   240       0.00566495          
241       0                   241       0.0056645           
242       0                   242       0.00566405          
243       0                   243       0.00566358          
244       0                   244       0.00566312          
245       0                   245       0.00566266          
246       0                   246       0.00566221          
247       0                   247       0.00566176          
248       0                   248       0.00566133          
249       0                   249       0.00566092          
250       0                   250       0.00566053          
251       0                   251       0.00566016          
252       0                   252       0.00565981          
253       0                   253       0.0056595           
254       0                   254       0.0056592           
255       0                   255       0.00565894          
256       0                   256       0.00565871          
257       0                   257       0.0056585           
258       0                   258       0.00565833          
259       0                   259       0.00565818          
260       0                   260       0.00565806          
261       0                   261       0.00565797          
262       0                   262       0.00565791          
263       0                   263       0.00565787          
264       0                   264       0.00565786          
265       0                   265       0.00565787          
266       0                   266       0.00565789          
267       0                   267       0.00565794          
268       0                   268       0.00565801          
269       0                   269       0.0056581           
270       0                   270       0.00565819          
271       0                   271       0.0056583           
272       0                   272       0.00565842          
273       0                   273       0.00565855          
274       0                   274       0.00565869          
275       0                   275       0.00565883          
276       0                   276       0.00565898          
277       0                   277       0.00565912          
278       0                   278       0.00565927          
279       0                   279       0.00565942          
280       0                   280       0.00565957          
281       0                   281       0.00565971          
282       0                   282       0.00565985          
283       0                   283       0.00565998          
284       0                   284       0.00566011          
285       0                   285       0.00566023          
286       0                   286       0.00566035          
287       0                   287       0.00566046          
288       0                   288       0.00566055          
289       0                   289       0.00566064          
290       0                   290       0.00566073          
291       0                   291       0.0056608           
292       0                   292       0.00566086          
293       0                   293       0.00566092          
294       0                   294       0.00566097          
295       0                   295       0.00566101          
296       0                   296       0.00566104          
297       0                   297       0.00566106          
298       0                   298       0.00566107          
299       0                   299       0.00566108          
300       0                   300       0.00566109          
301       0                   301       0.00566108          
302       0                   302       0.00566107          
303       0                   303       0.00566106          
304       0                   304       0.00566104          
305       0                   305       0.00566102          
306       0                   306       0.00566099          
307       0                   307       0.00566096          
308       0                   308       0.00566093          
309       0                   309       0.0056609           
310       0                   310       0.00566086          
311       0                   311       0.00566082          
312       0                   312       0.00566079          
313       0                   313       0.00566075          
314       0                   314       0.00566071          
315       0                   315       0.00566068          
316       0                   316       0.00566064          
317       0                   317       0.00566061          
318       0                   318       0.00566058          
319       0                   319       0.00566055          
320       0                   320       0.00566052          
321       0                   321       0.00566049          
322       0                   322       0.00566047          
323       0                   323       0.00566045          
324       0                   324       0.00566043          
325       0                   325       0.00566041          
326       0                   326       0.00566039          
327       0                   327       0.00566038          
328       0                   328       0.00566037          
329       0                   329       0.00566036          
330       0                   330       0.00566036          
331       0                   331       0.00566035          
332       0                   332       0.00566035          
333       0                   333       0.00566035          
334       0                   334       0.00566035          
335       0                   335       0.00566036          
336       0                   336       0.00566036          
337       0                   337       0.00566037          
338       0                   338       0.00566037          
339       0                   339       0.00566038          
340       0                   340       0.00566039          
341       0                   341       0.0056604           
342       0                   342       0.00566042          
343       0                   343       0.00566043          
344       0                   344       0.00566044          
345       0                   345       0.00566045          
346       0                   346       0.00566046          
347       0                   347       0.00566048          
348       0                   348       0.00566049          
349       0                   349       0.0056605           
350       0                   350       0.00566051          
351       0                   351       0.00566052          
352       0                   352       0.00566054          
353       0                   353       0.00566055          
354       0                   354       0.00566056          
355       0                   355       0.00566056          
356       0                   356       0.00566057          
357       0                   357       0.00566058          
358       0                   358       0.00566059          
359       0                   359       0.0056606           
360       0                   360       0.0056606           
361       0                   361       0.00566061          
362       0                   362       0.00566061          
363       0                   363       0.00566061          
364       0                   364       0.00566062          
365       0                   365       0.00566062          
366       0                   366       0.00566062          
367       0                   367       0.00566062          
368       0                   368       0.00566062          
369       0                   369       0.00566062          
370       0                   370       0.00566062          
371       0                   371       0.00566062          
372       0                   372       0.00566062          
373       0                   373       0.00566062          
374       0                   374       0.00566062          
375       0                   375       0.00566062          
376       0                   376       0.00566061          
377       0                   377       0.00566061          
378       0                   378       0.00566061          
379       0                   379       0.00566061          
380       0                   380       0.0056606           
381       0                   381       0.0056606           
382       0                   382       0.0056606           
383       0                   383       0.0056606           
384       0                   384       0.00566059          
385       0                   385       0.00566059          
386       0                   386       0.00566059          
387       0                   387       0.00566059          
388       0                   388       0.00566058          
389       0                   389       0.00566058          
390       0                   390       0.00566058          
391       0                   391       0.00566058          
392       0                   392       0.00566058          
393       0                   393       0.00566058          
394       0                   394       0.00566058          
395       0                   395       0.00566057          
396       0                   396       0.00566057          
397       0                   397       0.00566057          
398       0                   398       0.00566057          
399       0                   399       0.00566057          
400       0                   400       0.00566057          
401       0                   401       0.00566057          
402       0                   402       0.00566057          
403       0                   403       0.00566057          
404       0                   404       0.00566057          
405       0                   405       0.00566057          
406       0                   406       0.00566058          
407       0                   407       0.00566058          
408       0                   408       0.00566058          
409       0                   409       0.00566058          
410       0                   410       0.00566058          
411       0                   411       0.00566058          
412       0                   412       0.00566058          
413       0                   413       0.00566058          
414       0                   414       0.00566058          
415       0                   415       0.00566059          
416       0                   416       0.00566059          
417       0                   417       0.00566059          
418       0                   418       0.00566059          
419       0                   419       0.00566059          
420       0                   420       0.00566059          
421       0                   421       0.00566059          
422       0                   422       0.00566059          
423       0                   423       0.00566059          
424       0                   424       0.00566059          
425       0                   425       0.00566059          
426       0                   426       0.0056606           
427       0                   427       0.0056606           
428       0                   428       0.0056606           
429       0                   429       0.0056606           
430       0                   430       0.0056606           
431       0                   431       0.0056606           
432       0                   432       0.0056606           
433       0                   433       0.0056606           
434       0                   434       0.0056606           
435       0                   435       0.0056606           
436       0                   436       0.0056606           
